0 1 22
1 2 12
2 3 28
3 4 2
4 5 30
5 6 17
6 7 12
7 8 9
8 9 23
9 10 22
10 11 18
11 12 12
12 13 2
13 14 4
14 15 18
15 16 22
16 17 7
17 18 16
18 19 28
19 20 24
20 21 15
21 22 3
22 23 22
23 24 8
24 25 9
25 26 10
26 27 15
27 28 11
28 29 28
17 21 23
7 24 25
25 9 10
23 5 1
11 3 8
2 19 21
1 21 19
1 10 18
10 1 26
7 3 12
20 28 23
20 8 13
25 2 20
14 26 9
18 22 23
11 25 11
26 20 9
29 25 14
14 4 28
11 24 6
18 3 19
3 10 3
13 11 8
11 22 12
14 18 30
19 23 19
11 0 15
11 3 25
22 21 8
6 7 28
10 15 10
22 23 17
7 14 14
23 19 15
21 24 20
